KNN: [[1, 79.15966386554622], [2, 79.15966386554622], [3, 75.29411764705883], [4, 77.81512605042018], [5, 72.26890756302521],
 [6, 76.47058823529412], [7, 72.77310924369748], [8, 76.1344537815126], [9, 72.43697478991596], [10, 74.95798319327731],
 [11, 73.78151260504202], [12, 75.12605042016807], [13, 72.60504201680672], [14, 73.94957983193278], [15, 71.76470588235
294], [16, 74.45378151260505], [17, 74.45378151260505], [18, 73.27731092436974], [19, 72.77310924369748], [20, 73.949579
83193278], [21, 73.10924369747899], [22, 74.6218487394958], [23, 71.42857142857143], [24, 70.4201680672269], [25, 68.403
36134453781], [26, 71.42857142857143], [27, 69.5798319327731], [28, 70.75630252100841], [29, 69.41176470588235], [30, 71
.59663865546219], [31, 70.58823529411765], [32, 71.59663865546219], [33, 70.92436974789916], [34, 72.43697478991596], [3
5, 71.26050420168067], [36, 72.60504201680672], [37, 71.76470588235294], [38, 73.27731092436974], [39, 72.43697478991596
], [40, 73.44537815126051], [41, 72.77310924369748], [42, 73.61344537815127], [43, 72.60504201680672], [44, 73.613445378
15127], [45, 73.10924369747899], [46, 74.11764705882354], [47, 73.61344537815127], [48, 74.28571428571429], [49, 72.9411
7647058823], [50, 73.78151260504202], [51, 73.10924369747899], [52, 74.45378151260505], [53, 73.10924369747899], [54, 74
.6218487394958], [55, 73.61344537815127], [56, 75.12605042016807], [57, 73.61344537815127], [58, 76.1344537815126], [59,
 73.94957983193278], [60, 75.96638655462185], [61, 74.6218487394958], [62, 75.63025210084034], [63, 75.63025210084034],
[64, 75.7983193277311], [65, 75.7983193277311], [66, 76.1344537815126], [67, 75.29411764705883], [68, 75.46218487394958]
, [69, 74.78991596638656], [70, 74.6218487394958], [71, 73.94957983193278], [72, 74.95798319327731], [73, 73.94957983193
278], [74, 74.28571428571429], [75, 73.27731092436974], [76, 74.95798319327731], [77, 73.44537815126051], [78, 73.613445
37815127], [79, 70.58823529411765], [80, 72.77310924369748], [81, 71.09243697478992], [82, 72.26890756302521], [83, 72.7
7310924369748], [84, 72.43697478991596], [85, 71.76470588235294], [86, 71.42857142857143], [87, 71.42857142857143], [88,
 70.92436974789916], [89, 71.42857142857143], [90, 71.26050420168067], [91, 71.26050420168067], [92, 71.42857142857143],
 [93, 71.09243697478992], [94, 71.42857142857143], [95, 70.58823529411765], [96, 71.09243697478992], [97, 70.25210084033
613], [98, 71.09243697478992], [99, 70.75630252100841], [100, 72.94117647058823]]

Distance Weighted (Local): [[1, 79.15966386554622], [2, 78.4873949579832], [3, 77.47899159663866], [4, 78.15126050420169], [5, 75.63025210084034],
[6, 75.12605042016807], [7, 75.96638655462185], [8, 74.78991596638656], [9, 76.63865546218489], [10, 74.78991596638656],
 [11, 75.7983193277311], [12, 74.11764705882354], [13, 75.12605042016807], [14, 74.78991596638656], [15, 75.294117647058
83], [16, 75.12605042016807], [17, 75.7983193277311], [18, 74.28571428571429], [19, 75.29411764705883], [20, 75.29411764
705883], [21, 75.96638655462185], [22, 75.63025210084034], [23, 75.46218487394958], [24, 75.12605042016807], [25, 76.134
4537815126], [26, 76.47058823529412], [27, 76.1344537815126], [28, 76.1344537815126], [29, 75.96638655462185], [30, 76.6
3865546218489], [31, 76.63865546218489], [32, 75.7983193277311], [33, 76.30252100840336], [34, 76.1344537815126], [35, 7
6.63865546218489], [36, 77.14285714285715], [37, 76.1344537815126], [38, 77.31092436974791], [39, 76.63865546218489], [4
0, 76.80672268907564], [41, 76.80672268907564], [42, 77.14285714285715], [43, 77.31092436974791], [44, 77.47899159663866
], [45, 77.64705882352942], [46, 77.81512605042018], [47, 77.81512605042018], [48, 78.82352941176471], [49, 77.983193277
31093], [50, 77.98319327731093], [51, 78.15126050420169], [52, 77.98319327731093], [53, 76.9747899159664], [54, 77.14285
714285715], [55, 76.9747899159664], [56, 77.64705882352942], [57, 76.9747899159664], [58, 77.81512605042018], [59, 77.14
285714285715], [60, 77.81512605042018], [61, 76.9747899159664], [62, 77.64705882352942], [63, 77.64705882352942], [64, 7
7.98319327731093], [65, 77.64705882352942], [66, 78.65546218487395], [67, 77.81512605042018], [68, 78.31932773109244], [
69, 78.15126050420169], [70, 77.47899159663866], [71, 77.31092436974791], [72, 76.9747899159664], [73, 76.9747899159664]
, [74, 78.15126050420169], [75, 77.81512605042018], [76, 77.64705882352942], [77, 77.14285714285715], [78, 76.9747899159
664], [79, 76.80672268907564], [80, 76.47058823529412], [81, 76.9747899159664], [82, 76.9747899159664], [83, 76.97478991
59664], [84, 76.63865546218489], [85, 76.30252100840336], [86, 76.30252100840336], [87, 76.47058823529412], [88, 75.9663
8655462185], [89, 76.63865546218489], [90, 75.96638655462185], [91, 75.96638655462185], [92, 76.30252100840336], [93, 76
.30252100840336], [94, 75.7983193277311], [95, 75.7983193277311], [96, 75.7983193277311], [97, 75.63025210084034], [98,
75.46218487394958], [99, 75.29411764705883], [100, 74.95798319327731]]
